  0.881349187635690      -0.144962974405376       1.695164134858178E-007
 -3.758740111459837E-008  3.218388271135978E-007  7.294762663911255E-009
  6.201919438680213E-009 -1.392346013323637E-008  7.550566596551987E-003
  1.203700924208083E-007 -1.591244501145077E-007 -5.697536017002636E-008
 -1.811130891263962E-008  1.241537692890004E-008  7.207361562101958E-009
   1.22965824587643      -7.273254149015497E-002 -5.086146891983168E-003
 -0.117868760476993       1.229854368197139E-003  1.349528015291554E-003
   1.06876222300804       0.102859649842348       1.232385022301245E-003
 -0.100650919968581      -1.742786429492326E-003   1.23145669788004     
  1.349542968704071E-003 -1.739287286127091E-003 -0.118822978240356     
  3.386994134389857E-003  5.727670953569240E-006 -5.974281304254691E-006
  2.768291765980767E-003 -8.103423962721160E-006  3.389104955527716E-003
   2.17730586737612      -0.684267324625633      -4.868787262273494E-007
  7.426064262726604E-007  1.228026085772647E-006  8.421962723419914E-007
 -1.025109376747304E-006 -1.848606600435912E-006  6.483550757026313E-002
  2.718616574713073E-007 -4.255297675023678E-007  9.252577873459931E-008
 -1.512413225345813E-007  2.029801490903690E-007  1.262886750380255E-007
   2.89265811268549      -1.699079746526105E-002  1.060707892563692E-002
  -2.41133323028436      -1.014281853804314E-002  6.279530620326667E-003
   2.89209207446923       2.403296460263421E-002 -1.014827840844839E-002
  -2.34760074458031       1.434611176232085E-002   2.88890328947097     
  6.279260989192296E-003  1.434048369165536E-002  -2.41576285013334     
  0.544562495169877       4.806294149738378E-003 -4.181896206714952E-003
  0.505563283441616      -6.794364053476476E-003  0.546037130323480     
