2.2804480745321314e-06 9.534904856170127e-06
4.560896149064263e-06 1.9050730364545558e-05
6.841344223596394e-06 2.8547505158462257e-05
9.121792298128526e-06 3.802525783305932e-05
1.1402240372660656e-05 4.748401694532674e-05
1.3682688447192789e-05 5.6923811014153116e-05
1.596313652172492e-05 6.63446685203733e-05
1.824358459625705e-05 7.574661790681597e-05
2.0524032670789182e-05 8.51296875783513e-05
2.2804480745321312e-05 9.449390590193828e-05
2.5084928819853446e-05 0.00010383930120667219
2.7365376894385577e-05 0.00011316590178383206
2.9645824968917708e-05 0.00012247373588692784
3.192627304344984e-05 0.00013176283173174777
3.420672111798197e-05 0.00014103321749640556
3.64871691925141e-05 0.0001502849213213875
3.876761726704624e-05 0.00015951797130959953
4.1048065341578364e-05 0.00016873239552641427
4.33285134161105e-05 0.00017792822199971816
4.5608961490642625e-05 0.00018710547871995806
4.788940956517476e-05 0.00019626419364018847
5.016985763970689e-05 0.00020540439467611797
5.245030571423902e-05 0.00021452610970615625
5.4730753788771154e-05 0.00022362936657146072
5.701120186330329e-05 0.00023271419307598312
5.9291649937835415e-05 0.00024178061698651603
6.157209801236755e-05 0.0002508286660327395
6.385254608689968e-05 0.0002598583679072676
6.613299416143182e-05 0.0002688697502656946
6.841344223596394e-05 0.0002778628407266414
7.069389031049607e-05 0.00028683766687180205
7.29743383850282e-05 0.0002957942562459897
7.525478645956034e-05 0.000304732636357183
7.753523453409247e-05 0.00031365283467657193
7.98156826086246e-05 0.0003225548786386043
8.209613068315673e-05 0.00033143879564103166
8.437657875768886e-05 0.00034030461304495485
8.6657026832221e-05 0.00034915235817487044
8.893747490675313e-05 0.0003579820583187164
9.121792298128525e-05 0.0003667937407279177
9.349837105581738e-05 0.0003755874326174326
9.577881913034952e-05 0.00038436316116579754
9.805926720488165e-05 0.00039312095351517356
0.00010033971527941379 0.0004018608367713913
0.00010262016335394592 0.0004105828380039971
0.00010490061142847804 0.0004192869842462976
0.00010718105950301017 0.00042797330249540633
0.00010946150757754231 0.00043664181971228805
0.00011174195565207444 0.0004452925628218045
0.00011402240372660658 0.0004539255587127597
0.0001163028518011387 0.0004625408342379449
0.00011858329987567083 0.00047113841621418417
0.00012086374795020296 0.00047971833142237887
0.0001231441960247351 0.00048828060660755315
0.00012542464409926723 0.000496825268478899
0.00012770509217379937 0.0005053523437098206
0.0001299855402483315 0.00051386185893798
0.00013226598832286363 0.0005223538407653412
0.00013454643639739574 0.0005308283157582152
0.00013682688447192787 0.0005392853104473049
0.00013910733254646 0.0005477248513277498
0.00014138778062099214 0.0005561469648591701
0.00014366822869552428 0.0005645516774657115
0.0001459486767700564 0.0005729390155360901
0.00014822912484458854 0.0005813090054236364
0.00015050957291912068 0.0005896616734463395
0.0001527900209936528 0.0005979970458868921
0.00015507046906818495 0.0006063151489927343
0.00015735091714271708 0.0006146160089760979
0.0001596313652172492 0.0006228996520140504
0.00016191181329178132 0.0006311661042485401
0.00016419226136631346 0.0006394153917864386
0.0001664727094408456 0.0006476475406995863
0.00016875315751537772 0.0006558625770248351
0.00017103360558990986 0.0006640605267640933
0.000173314053664442 0.0006722414158843691
0.00017559450173897413 0.0006804052703178143
0.00017787494981350626 0.0006885521159617679
0.0001801553978880384 0.0006966819786788005
0.0001824358459625705 0.0007047948842967574
0.00018471629403710263 0.0007128908586088019
0.00018699674211163477 0.0007209699273734596
0.0001892771901861669 0.0007290321163146617
0.00019155763826069904 0.0007370774511217876
0.00019383808633523117 0.0007451059574497097
0.0001961185344097633 0.0007531176609188355
0.00019839898248429544 0.0007611125871151516
0.00020067943055882757 0.0007690907615902666
0.0002029598786333597 0.0007770522098614544
0.00020524032670789184 0.0007849969574116973
0.00020752077478242395 0.0007929250296897291
0.00020980122285695608 0.0008008364521100783
0.00021208167093148821 0.0008087312500531106
0.00021436211900602035 0.0008166094488650721
0.00021664256708055248 0.0008244710738581324
0.00021892301515508462 0.0008323161503104269
0.00022120346322961675 0.0008401447034661002
0.00022348391130414888 0.0008479567585353478
0.00022576435937868102 0.0008557523406944605
0.00022804480745321315 0.0008635314750858646
0.00023032525552774529 0.000871294186818167
0.0002326057036022774 0.0008790405009661957
0.00023488615167680953 0.0008867704425710432
0.00023716659975134166 0.0008944840366401095
0.0002394470478258738 0.0009021813081471426
0.00024172749590040593 0.0009098622820322823
0.00024400794397493806 0.0009175269832021024
0.0002462883920494702 0.0009251754365296524
0.00024856884012400233 0.0009328076668544995
0.00025084928819853446 0.0009404236989827715
0.0002531297362730666 0.0009480235576871982
0.00025541018434759873 0.0009556072677071531
0.00025769063242213087 0.0009631748537486964
0.000259971080496663 0.0009707263404846164
0.00026225152857119513 0.0009782617525544706
0.00026453197664572727 0.000985781114564629
0.0002668124247202594 0.000993284451088314
0.0002690928727947915 0.0010007717866656436
0.0002713733208693236 0.001008243145803673
0.00027365376894385575 0.001015698552976435
0.0002759342170183879 0.0010231380326249826
0.00027821466509292 0.0010305616091574302
0.00028049511316745215 0.001037969306948995
0.0002827755612419843 0.0010453611503420382
0.0002850560093165164 0.0010527371636461066
0.00028733645739104855 0.0010600973711379742
0.0002896169054655807 0.0010674417970616826
0.0002918973535401128 0.0010747704656285835
0.00029417780161464496 0.0010820834010173783
0.0002964582496891771 0.0010893806273741596
0.0002987386977637092 0.0010966621688124536
0.00030101914583824136 0.0011039280494132592
0.0003032995939127735 0.0011111782932250907
0.0003055800419873056 0.001118412924264017
0.00030786049006183776 0.0011256319665137037
0.0003101409381363699 0.0011328354439254533
0.00031242138621090203 0.0011400233804182462
0.00031470183428543416 0.0011471957998787812
0.00031698228235996624 0.0011543527261615168
0.0003192627304344984 0.0011614941830887103
0.0003215431785090305 0.0011686201944504607
0.00032382362658356264 0.0011757307840047466
0.0003261040746580948 0.001182825975477468
0.0003283845227326269 0.0011899057925624874
0.00033066497080715904 0.001196970258921669
0.0003329454188816912 0.0012040193981849188
0.0003352258669562233 0.0012110532339502265
0.00033750631503075545 0.0012180717897837033
0.0003397867631052876 0.0012250750892196251
0.0003420672111798197 0.0012320631557604694
0.00034434765925435185 0.0012390360128769575
0.000346628107328884 0.0012459936840080942
0.0003489085554034161 0.001252936192561207
0.00035118900347794825 0.0012598635619119872
0.0003534694515524804 0.001266775815404528
0.0003557498996270125 0.001273672976351366
0.00035803034770154465 0.0012805550680335207
0.0003603107957760768 0.0012874221137005339
0.0003625912438506089 0.0012942741365705084
0.000364871691925141 0.0013011111598301497
0.00036715213999967313 0.0013079332066348044
0.00036943258807420527 0.0013147403001084993
0.0003717130361487374 0.0013215324633439822
0.00037399348422326954 0.0013283097194027598
0.00037627393229780167 0.0013350720913151383
0.0003785543803723338 0.001341819602080263
0.00038083482844686594 0.0013485522746661553
0.00038311527652139807 0.0013552701320097551
0.0003853957245959302 0.0013619731970169581
0.00038767617267046234 0.001368661492562655
0.0003899566207449945 0.001375335041490771
0.0003922370688195266 0.001381993866614306
0.00039451751689405874 0.0013886379907153703
0.0003967979649685909 0.0013952674365452276
0.000399078413043123 0.0014018822268243311
0.00040135886111765514 0.0014084823842423638
0.0004036393091921873 0.0014150679314582765
0.0004059197572667194 0.0014216388911003274
0.00040820020534125155 0.00142819528576612
0.0004104806534157837 0.0014347371380226417
0.0004127611014903158 0.0014412644704063038
0.0004150415495648479 0.0014477773054229785
0.00041732199763938 0.0014542756655480389
0.00041960244571391216 0.001460759573226396
0.0004218828937884443 0.0014672290508725386
0.00042416334186297643 0.0014736841208705701
0.00042644378993750856 0.0014801248055742486
0.0004287242380120407 0.0014865511273070237
0.00043100468608657283 0.001492963108362076
0.00043328513416110496 0.0014993607710023548
0.0004355655822356371 0.001505744137460616
0.00043784603031016923 0.0015121132299394603
0.00044012647838470137 0.0015184680706113718
0.0004424069264592335 0.001524808681618756
0.00044468737453376563 0.0015311350850739764
0.00044696782260829777 0.001537447303059395
0.0004492482706828299 0.0015437453576274077
0.00045152871875736204 0.0015500292708004835
0.00045380916683189417 0.0015562990645712025
0.0004560896149064263 0.0015625547609022924
0.00045837006298095844 0.0015687963817266675
0.00046065051105549057 0.0015750239489474656
0.00046293095913002265 0.001581237484438086
0.0004652114072045548 0.0015874370100422278
0.0004674918552790869 0.0015936225475739248
0.00046977230335361905 0.0015997941188175863
0.0004720527514281512 0.001605951745528033
0.0004743331995026833 0.001612095449430534
0.00047661364757721546 0.001618225252220844
0.0004788940956517476 0.0016243411755652427
0.0004811745437262797 0.0016304432411005693
0.00048345499180081186 0.0016365314704342622
0.000485735439875344 0.0016426058851443939
0.0004880158879498761 0.0016486665067797091
0.0004902963360244083 0.0016547133568596635
0.0004925767840989404 0.0016607464568744574
0.0004948572321734725 0.0016667658282850757
0.0004971376802480047 0.0016727714925233229
0.0004994181283225368 0.0016787634709918618
0.0005016985763970689 0.0016847417850642482
0.0005039790244716011 0.0016907064560849696
0.0005062594725461332 0.0016966575053694814
0.0005085399206206653 0.001702594954204242
0.0005108203686951975 0.0017085188238467536
0.0005131008167697296 0.0017144291355255937
0.0005153812648442617 0.0017203259104404554
0.0005176617129187939 0.0017262091697621824
0.000519942160993326 0.0017320789346328058
0.0005222226090678581 0.0017379352261655814
0.0005245030571423903 0.0017437780654450238
0.0005267835052169224 0.001749607473526946
0.0005290639532914545 0.0017554234714384927
0.0005313444013659867 0.001761226080178178
0.0005336248494405188 0.001767015320715923
0.0005359052975150508 0.0017727912139930883
0.000538185745589583 0.0017785537809225146
0.0005404661936641151 0.0017843030423885552
0.0005427466417386472 0.001790039019247114
0.0005450270898131794 0.001795761732325681
0.0005473075378877115 0.001801471202423368
0.0005495879859622436 0.0018071674503109451
0.0005518684340367758 0.0018128504967308762
0.0005541488821113079 0.0018185203623973553
0.00055642933018584 0.0018241770679963414
0.0005587097782603722 0.001829820634185595
0.0005609902263349043 0.0018354510815947137
0.0005632706744094364 0.0018410684308251683
0.0005655511224839686 0.0018466727024503372
0.0005678315705585007 0.0018522639170155428
0.0005701120186330328 0.001857842095038088
0.000572392466707565 0.0018634072570072897
0.0005746729147820971 0.001868959423384515
0.0005769533628566292 0.0018744986146032182
0.0005792338109311614 0.0018800248510689734
0.0005815142590056935 0.0018855381531595124
0.0005837947070802256 0.0018910385412247578
0.0005860751551547578 0.0018965260355868604
0.0005883556032292899 0.001902000656540233
0.000590636051303822 0.001907462424351585
0.0005929164993783542 0.00191291135925996
0.0005951969474528863 0.0019183474814767672
0.0005974773955274184 0.001923770811185821
0.0005997578436019506 0.0019291813685433715
0.0006020382916764827 0.0019345791736781414
0.0006043187397510148 0.001939964246691363
0.000606599187825547 0.0019453366076568085
0.0006088796359000791 0.0019506962766208296
0.0006111600839746113 0.0019560432736023883
0.0006134405320491434 0.001961377618593094
0.0006157209801236755 0.0019666993315572375
0.0006180014281982077 0.0019720084324318255
0.0006202818762727398 0.0019773049411266163
0.0006225623243472719 0.0019825888775241523
0.0006248427724218041 0.0019878602614797963
0.0006271232204963362 0.0019931191128217656
0.0006294036685708683 0.001998365451351165
0.0006316841166454005 0.0020035992968420245
0.0006339645647199325 0.0020088206690413294
0.0006362450127944646 0.002014029587669059
0.0006385254608689967 0.0020192260724182162
0.0006408059089435289 0.002024410142954867
0.000643086357018061 0.0020295818189181697
0.0006453668050925932 0.0020347411199204118
0.0006476472531671253 0.002039888065547045
0.0006499277012416574 0.002045022675356715
0.0006522081493161896 0.0020501449688813023
0.0006544885973907217 0.0020552549656259475
0.0006567690454652538 0.0020603526850690944
0.000659049493539786 0.002065438146662517
0.0006613299416143181 0.0020705113698313567
0.0006636103896888502 0.0020755723739741554
0.0006658908377633824 0.0020806211784628876
0.0006681712858379145 0.0020856578026429992
0.0006704517339124466 0.0020906822658334338
0.0006727321819869788 0.002095694587326673
0.0006750126300615109 0.002100694786388766
0.000677293078136043 0.0021056828822593647
0.0006795735262105752 0.002110658894151757
0.0006818539742851073 0.0021156228412529013
0.0006841344223596394 0.0021205747427234575
0.0006864148704341716 0.0021255146176978224
0.0006886953185087037 0.002130442485284162
0.0006909757665832358 0.0021353583645644476
0.000693256214657768 0.0021402622745944843
0.0006955366627323001 0.0021451542344039483
0.0006978171108068322 0.002150034262996417
0.0007000975588813644 0.0021549023793494063
0.0007023780069558965 0.002159758602414399
0.0007046584550304286 0.0021646029511168817
0.0007069389031049608 0.002169435444356375
0.0007092193511794929 0.002174256101006469
0.000711499799254025 0.002179064939914854
0.0007137802473285572 0.0021838619799033556
0.0007160606954030893 0.0021886472397679648
0.0007183411434776214 0.0021934207382788744
0.0007206215915521536 0.0021981824941805094
0.0007229020396266857 0.0022029325261915594
0.0007251824877012178 0.002207670853005013
0.00072746293577575 0.00221239749328819
0.000729743383850282 0.0022171124656827734
0.0007320238319248141 0.0022218157888048424
0.0007343042799993463 0.002226507481244905
0.0007365847280738784 0.002231187561567931
0.0007388651761484105 0.0022358560483133833
0.0007411456242229427 0.002240512959995251
0.0007434260722974748 0.002245158315102083
0.0007457065203720069 0.002249792132097018
0.0007479869684465391 0.0022544144294178183
0.0007502674165210712 0.0022590252254769028
0.0007525478645956033 0.002263624538661377
0.0007548283126701355 0.002268212387333068
0.0007571087607446676 0.0022727887898285545
0.0007593892088191997 0.0022773537644591993
0.0007616696568937319 0.002281907329511182
0.000763950104968264 0.002286449503245531
0.0007662305530427961 0.0022909803038981564
0.0007685110011173283 0.0022954997496798793
0.0007707914491918604 0.002300007858776466
0.0007730718972663925 0.0023045046493486592
0.0007753523453409247 0.0023089901395322104
0.0007776327934154568 0.0023134643474379117
0.000779913241489989 0.002317927291151625
0.0007821936895645211 0.0023223789887343188
0.0007844741376390532 0.0023268194582220956
0.0007867545857135853 0.0023312487176262242
0.0007890350337881175 0.0023356667849331746
0.0007913154818626496 0.0023400736781046447
0.0007935959299371818 0.0023444694150775956
0.0007958763780117139 0.002348854013764282
0.000798156826086246 0.002353227492052283
0.0008004372741607782 0.0023575898678045337
0.0008027177222353103 0.0023619411588593577
0.0008049981703098424 0.002366281383030499
0.0008072786183843746 0.002370610558107148
0.0008095590664589067 0.002374928701853982
0.0008118395145334388 0.0023792358320111878
0.000814119962607971 0.002383531966294497
0.0008164004106825031 0.002387817122395218
0.0008186808587570352 0.0023920913179802644
0.0008209613068315674 0.0023963545706921887
0.0008232417549060995 0.00240060689814921
0.0008255222029806316 0.00240484831794525
0.0008278026510551637 0.0024090788476499587
0.0008300830991296958 0.002413298504808749
0.0008323635472042279 0.0024175073069428272
0.00083464399527876 0.0024217052715492203
0.0008369244433532922 0.002425892416100813
0.0008392048914278243 0.0024300687580463727
0.0008414853395023565 0.002434234314810584
0.0008437657875768886 0.002438389103794077
0.0008460462356514207 0.00244253314237346
0.0008483266837259529 0.00244666644790135
0.000850607131800485 0.0024507890377064
0.0008528875798750171 0.002454900929093335
0.0008551680279495493 0.0024590021393429773
0.0008574484760240814 0.0024630926857122817
0.0008597289240986135 0.0024671725854343613
0.0008620093721731457 0.002471241855718522
0.0008642898202476778 0.002475300513750291
0.0008665702683222099 0.002479348576691446
0.0008688507163967421 0.002483386061680049
0.0008711311644712742 0.0024874129858304724
0.0008734116125458063 0.002491429366233432
0.0008756920606203385 0.0024954352199560168
0.0008779725086948706 0.0024994305640417187
0.0008802529567694027 0.0025034154155104626
0.0008825334048439349 0.0025073897913586367
0.000884813852918467 0.002511353708559123
0.0008870943009929991 0.0025153071840613257
0.0008893747490675313 0.002519250234791204
0.0008916551971420634 0.0025231828776512985
0.0008939356452165955 0.002527105129520765
0.0008962160932911277 0.002531017007255401
0.0008984965413656598 0.002534918527687678
0.0009007769894401919 0.002538809707626768
0.0009030574375147241 0.002542690563858578
0.0009053378855892562 0.0025465611131457767
0.0009076183336637883 0.0025504213722278243
0.0009098987817383205 0.0025542713578210014
0.0009121792298128526 0.002558111086618443
0.0009144596778873847 0.0025619405752901614
0.0009167401259619169 0.0025657598404830815
0.000919020574036449 0.002569568898821067
0.0009213010221109811 0.002573367766904952
0.0009235814701855133 0.002577156461312568
0.0009258619182600453 0.0025809349985987757
0.0009281423663345774 0.0025847033952954936
0.0009304228144091096 0.002588461667911726
0.0009327032624836417 0.002592209832933594
0.0009349837105581738 0.0025959479068243647
0.000937264158632706 0.002599675906024479
0.0009395446067072381 0.002603393846951582
0.0009418250547817702 0.0026071017460005527
0.0009441055028563024 0.002610799619543531
0.0009463859509308345 0.0026144874839299486
0.0009486663990053666 0.0026181653554865586
0.0009509468470798988 0.0026218332505174597
0.0009532272951544309 0.002625491185304134
0.000955507743228963 0.0026291391761054683
0.0009577881913034952 0.002632777239157785
0.0009600686393780273 0.0026364053906748723
0.0009623490874525594 0.0026400236468480122
0.0009646295355270916 0.00264363202384601
0.0009669099836016237 0.0026472305378152216
0.0009691904316761558 0.0026508192048795834
0.000971470879750688 0.002654398041140641
0.0009737513278252201 0.002657967062677576
0.0009760317758997523 0.0026615262855472386
0.0009783122239742843 0.002665075725784173
0.0009805926720488165 0.0026686153994006463
0.0009828731201233485 0.002672145322386676
0.0009851535681978808 0.002675665510710063
0.0009874340162724128 0.002679175980316415
0.000989714464346945 0.002682676747129178
0.000991994912421477 0.0026861678270496624
0.0009942753604960093 0.0026896492359570734
0.0009965558085705413 0.0026931209897085384
0.0009988362566450736 0.002696583104139136
0.0010011167047196056 0.0027000355950619215
0.0010033971527941379 0.00270347847826796
0.0010056776008686699 0.0027069117695263495
0.0010079580489432021 0.0027103354845842537
0.0010102384970177342 0.0027137496391669244
0.0010125189450922664 0.002717154248977737
0.0010147993931667984 0.002720549329698211
0.0010170798412413307 0.002723934896988044
0.0010193602893158627 0.002727310966485135
0.001021640737390395 0.002730677553805617
0.001023921185464927 0.0027340346745438793
0.0010262016335394592 0.0027373823442726018
0.0010284820816139912 0.0027407205785427765
0.0010307625296885235 0.002744049392883741
0.0010330429777630555 0.002747368802803201
0.0010353234258375877 0.002750678823787264
0.0010376038739121198 0.0027539794713004593
0.001039884321986652 0.0027572707607857734
0.001042164770061184 0.0027605527076646737
0.0010444452181357163 0.0027638253273371354
0.0010467256662102483 0.0027670886351816703
0.0010490061142847805 0.0027703426465553564
0.0010512865623593126 0.0027735873767938605
0.0010535670104338448 0.002776822841211471
0.0010558474585083768 0.0027800490551011213
0.001058127906582909 0.0027832660337344197
0.001060408354657441 0.002786473792361674
0.0010626888027319733 0.002789672346211923
0.0010649692508065054 0.002792861710492959
0.0010672496988810376 0.002796041900391361
0.0010695301469555696 0.002799212931072514
0.0010718105950301017 0.002802374817680644
0.001074091043104634 0.0028055275753388407
0.001076371491179166 0.0028086712191490843
0.0010786519392536982 0.002811805764192277
0.0010809323873282302 0.0028149312255282646
0.0010832128354027624 0.0028180476181958675
0.0010854932834772945 0.0028211549572129038
0.0010877737315518267 0.002824253257576222
0.0010900541796263587 0.002827342534261723
0.001092334627700891 0.002830422802224388
0.001094615075775423 0.0028334940763983067
0.0010968955238499552 0.002836556371696704
0.0010991759719244873 0.002839609703011965
0.0011014564199990195 0.0028426540852156635
0.0011037368680735515 0.0028456895331585882
0.0011060173161480838 0.0028487160616707708
0.0011082977642226158 0.0028517336855615077
0.001110578212297148 0.0028547424196193943
0.00111285866037168 0.002857742278612346
0.0011151391084462123 0.0028607332772876254
0.0011174195565207443 0.00286371543037187
0.0011197000045952766 0.0028666887525711196
0.0011219804526698086 0.0028696532585708425
0.0011242609007443408 0.002872608963035957
0.0011265413488188729 0.002875555880610866
0.0011288217968934051 0.002878494025919478
0.0011311022449679371 0.002881423413565234
0.0011333826930424694 0.002884344058131135
0.0011356631411170014 0.0028872559741797686
0.0011379435891915337 0.0028901591762533338
0.0011402240372660657 0.002893053678873667
0.001142504485340598 0.002895939496542271
0.00114478493341513 0.0028988166437403386
0.0011470653814896622 0.0029016851349287776
0.0011493458295641942 0.002904544984548241
0.0011516262776387265 0.0029073962070191505
0.0011539067257132585 0.002910238816741722
0.0011561871737877907 0.0029130728280959907
0.0011584676218623228 0.0029158982554418414
0.001160748069936855 0.0029187151131190325
0.001163028518011387 0.002921523415447217
0.0011653089660859193 0.0029243231767259754
0.0011675894141604513 0.0029271144112348393
0.0011698698622349833 0.002929897133233315
0.0011721503103095156 0.0029326713569609105
0.0011744307583840476 0.0029354370966371626
0.0011767112064585798 0.002938194366461663
0.0011789916545331118 0.002940943180614078
0.001181272102607644 0.0029436835532541832
0.0011835525506821761 0.002946415498521883
0.0011858329987567084 0.002949139030537238
0.0011881134468312404 0.0029518541634004883
0.0011903938949057726 0.0029545609111920855
0.0011926743429803047 0.0029572592879727098
0.001194954791054837 0.002959949307783301
0.001197235239129369 0.0029626309846450816
0.0011995156872039012 0.0029653043325595847
0.0012017961352784332 0.0029679693655086754
0.0012040765833529654 0.00297062609745458
0.0012063570314274975 0.002973274542339909
0.0012086374795020297 0.002975914714087684
0.0012109179275765617 0.0029785466266013592
0.001213198375651094 0.002981170293764853
0.001215478823725626 0.002983785729442568
0.0012177592718001582 0.0029863929474794166
0.0012200397198746903 0.002988991961700848
0.0012223201679492225 0.002991582785912874
0.0012246006160237545 0.0029941654339020914
0.0012268810640982868 0.0029967399194357064
0.0012291615121728188 0.0029993062562615647
0.001231441960247351 0.003001864458108173
0.001233722408321883 0.00300441453868472
0.0012360028563964153 0.0030069565116811097
0.0012382833044709473 0.00300949039076798
0.0012405637525454796 0.003012016189596732
0.0012428442006200116 0.003014533921799548
0.0012451246486945438 0.003017043600989424
0.0012474050967690759 0.0030195452407601915
0.0012496855448436081 0.003022038854686538
0.0012519659929181401 0.003024524456324039
0.0012542464409926724 0.0030270020592091797
0.0012565268890672044 0.0030294716768593756
0.0012588073371417366 0.0030319333227730024
0.0012610877852162687 0.0030343870104294203
0.001263368233290801 0.0030368327532889956
0.001265648681365333 0.003039270564793125
0.001267929129439865 0.0030417004583642654
0.0012702095775143972 0.0030441224474059515
0.0012724900255889292 0.003046536545302825
0.0012747704736634615 0.0030489427654206555
0.0012770509217379935 0.0030513411211063692
0.0012793313698125257 0.0030537316256880704
0.0012816118178870578 0.003056114292475064
0.00128389226596159 0.003058489134757884
0.001286172714036122 0.003060856165808315
0.0012884531621106543 0.0030632153988794176
0.0012907336101851863 0.0030655668472055492
0.0012930140582597185 0.0030679105240023967
0.0012952945063342506 0.0030702464424669897
0.0012975749544087828 0.003072574615777732
0.0012998554024833148 0.003074895057094424
0.001302135850557847 0.0030772077795582845
0.001304416298632379 0.003079512796291979
0.0013066967467069113 0.0030818101203996372
0.0013089771947814434 0.0030840997649668853
0.0013112576428559756 0.0030863817430608633
0.0013135380909305076 0.0030886560677302497
0.0013158185390050399 0.00309092275200529
0.001318098987079572 0.0030931818088978146
0.0013203794351541042 0.003095433251401267
0.0013226598832286362 0.0030976770924907235
0.0013249403313031684 0.003099913345122922
0.0013272207793777004 0.0031021420222362814
0.0013295012274522327 0.0031043631367509276
0.0013317816755267647 0.0031065767015687144
0.001334062123601297 0.003108782729573254
0.001336342571675829 0.0031109812336299293
0.0013386230197503612 0.0031131722265859293
0.0013409034678248933 0.0031153557212702638
0.0013431839158994255 0.003117531730493793
0.0013454643639739575 0.003119700267049245
0.0013477448120484898 0.0031218613437112466
0.0013500252601230218 0.00312401497323634
0.001352305708197554 0.0031261611683630094
0.001354586156272086 0.003128299941811704
0.0013568666043466183 0.0031304313062848624
0.0013591470524211503 0.003132555274466932
0.0013614275004956826 0.003134671859024398
0.0013637079485702146 0.003136781072605801
0.0013659883966447466 0.0031388829278417665
0.0013682688447192789 0.00314097743734502
0.0013705492927938109 0.0031430646137104172
0.0013728297408683431 0.003145144469514965
0.0013751101889428752 0.003147217017317842
0.0013773906370174074 0.003149282269660427
0.0013796710850919394 0.0031513402390663144
0.0013819515331664717 0.0031533909380413463
0.0013842319812410037 0.003155434379073628
0.001386512429315536 0.003157470574633554
0.001388792877390068 0.003159499537173832
0.0013910733254646002 0.0031615212791295034
0.0013933537735391322 0.0031635358129179668
0.0013956342216136645 0.0031655431509390046
0.0013979146696881965 0.0031675433055747978
0.0014001951177627287 0.003169536289189958
0.0014024755658372608 0.003171522114131543
0.001404756013911793 0.0031735007927290843
0.001407036461986325 0.0031754723372946045
0.0014093169100608573 0.0031774367601226485
0.0014115973581353893 0.0031793940734902953
0.0014138778062099215 0.003181344289657192
0.0014161582542844536 0.0031832874208655654
0.0014184387023589858 0.0031852234793402533
0.0014207191504335178 0.0031871524772887233
0.00142299959850805 0.0031890744269010944
0.001425280046582582 0.0031909893403501604
0.0014275604946571143 0.003192897229791416
0.0014298409427316464 0.0031947981073630716
0.0014321213908061786 0.0031966919851860835
0.0014344018388807106 0.0031985788753641706
0.0014366822869552429 0.003200458789983841
0.001438962735029775 0.00320233174111441
0.0014412431831043071 0.0032041977408080275
0.0014435236311788392 0.003206056801099694
0.0014458040792533714 0.00320790893400729
0.0014480845273279034 0.0032097541515315924
0.0014503649754024357 0.003211592465656299
0.0014526454234769677 0.0032134238883480513
0.0014549258715515 0.0032152484315564555
0.001457206319626032 0.003217066107214104
0.001459486767700564 0.0032188769272366007
0.0014617672157750962 0.003220680903522578
0.0014640476638496283 0.0032224780479537247
0.0014663281119241605 0.003224268372394801
0.0014686085599986925 0.003226051888693669
0.0014708890080732248 0.0032278286086813066
0.0014731694561477568 0.003229598544171834
0.001475449904222289 0.003231361706962535
0.001477730352296821 0.003233118108833877
0.0014800108003713533 0.0032348677615495354
0.0014822912484458853 0.0032366106768564125
0.0014845716965204176 0.003238346866484665
0.0014868521445949496 0.003240076342147715
0.0014891325926694818 0.0032417991155422854
0.0014914130407440139 0.0032435151983484104
0.0014936934888185461 0.003245224602229462
0.0014959739368930781 0.003246927338832172
0.0014982543849676104 0.0032486234197866533
0.0015005348330421424 0.003250312856706418
0.0015028152811166747 0.0032519956611884045
0.0015050957291912067 0.0032536718448129965
0.001507376177265739 0.0032553414191440434
0.001509656625340271 0.003257004395728882
0.0015119370734148032 0.0032586607860983605
0.0015142175214893352 0.003260310601766858
0.0015164979695638675 0.003261953854232304
0.0015187784176383995 0.003263590554976205
0.0015210588657129317 0.0032652207154636606
0.0015233393137874638 0.0032668443471433883
0.001525619761861996 0.0032684614614477427
0.001527900209936528 0.003270072069792737
0.0015301806580110603 0.003271676183578068
0.0015324611060855923 0.0032732738141871285
0.0015347415541601245 0.0032748649729870396
0.0015370220022346566 0.003276449671328665
0.0015393024503091888 0.003278027920546632
0.0015415828983837208 0.0032795997319593553
0.001543863346458253 0.003281165116869057
0.001546143794532785 0.003282724086561788
0.0015484242426073173 0.0032842766523074472
0.0015507046906818494 0.0032858228253598064
0.0015529851387563816 0.0032873626169565287
0.0015552655868309136 0.0032888960383191854
0.0015575460349054457 0.003290423100653289
0.001559826482979978 0.0032919438151482986
0.00156210693105451 0.0032934581929776542
0.0015643873791290422 0.0032949662452987885
0.0015666678272035742 0.003296467983253153
0.0015689482752781064 0.0032979634179662377
0.0015712287233526385 0.003299452560547587
0.0015735091714271707 0.0033009354220908302
0.0015757896195017027 0.0033024120136736935
0.001578070067576235 0.003303882346358024
0.001580350515650767 0.0033053464311898102
0.0015826309637252992 0.003306804279199204
0.0015849114117998313 0.0033082559014005397
0.0015871918598743635 0.0033097013087923536
0.0015894723079488955 0.003311140512357407
0.0015917527560234278 0.003312573523062707
0.0015940332040979598 0.0033140003518595234
0.001596313652172492 0.003315421009683412
0.001598594100247024 0.0033168355074542355
0.0016008745483215563 0.003318243856076185
0.0016031549963960883 0.0033196460664377935
0.0016054354444706206 0.0033210421494119647
0.0016077158925451526 0.0033224321158559903
0.0016099963406196848 0.00332381597661157
0.0016122767886942169 0.0033251937425048303
0.0016145572367687491 0.0033265654243463463
0.0016168376848432811 0.0033279310329311653
0.0016191181329178134 0.0033292905790388194
0.0016213985809923454 0.0033306440734333534
0.0016236790290668776 0.0033319915268633414
0.0016259594771414097 0.003333332950061907
0.001628239925215942 0.0033346683537467414
0.001630520373290474 0.0033359977486201306
0.0016328008213650062 0.0033373211453689676
0.0016350812694395382 0.0033386385546647765
0.0016373617175140704 0.003339949987163731
0.0016396421655886025 0.0033412554535066775
0.0016419226136631347 0.0033425549643191516
0.0016442030617376667 0.003343848530211398
0.001646483509812199 0.0033451361617783935
0.001648763957886731 0.0033464178695998656
0.0016510444059612633 0.003347693664240309
0.0016533248540357953 0.0033489635562490125
0.0016556053021103273 0.0033502275561600727
0.0016578857501848595 0.003351485674492416
0.0016601661982593916 0.0033527379217498177
0.0016624466463339238 0.003353984308420925
0.0016647270944084558 0.003355224844979273
0.001667007542482988 0.0033564595418833047
0.00166928799055752 0.003357688409576392
0.0016715684386320523 0.003358911458486857
0.0016738488867065844 0.0033601286990279874
0.0016761293347811166 0.0033613401415980597
0.0016784097828556486 0.003362545796580357
0.0016806902309301809 0.003363745674343191
0.001682970679004713 0.003364939785239917
0.0016852511270792452 0.0033661281396089584
0.0016875315751537772 0.0033673107477738234
0.0016898120232283094 0.0033684876200431244
0.0016920924713028414 0.0033696587667105993
0.0016943729193773737 0.0033708241980551293
0.0016966533674519057 0.00337198392434076
0.001698933815526438 0.003373137955816717
0.00170121426360097 0.0033742863027174303
0.0017034947116755022 0.0033754289752625515
0.0017057751597500343 0.003376565983656971
0.0017080556078245665 0.0033776973380908416
0.0017103360558990985 0.003378823048739592
0.0017126165039736308 0.0033799431257639546
0.0017148969520481628 0.0033810575793099744
0.001717177400122695 0.0033821664195090363
0.001719457848197227 0.003383269656477881
0.0017217382962717593 0.0033843673003186247
0.0017240187443462913 0.003385459361118777
0.0017262991924208236 0.003386545848951262
0.0017285796404953556 0.003387626773874437
0.0017308600885698878 0.0033887021459321092
0.0017331405366444199 0.003389771975153559
0.001735420984718952 0.003390836271553555
0.0017377014327934841 0.0033918950451323755
0.0017399818808680164 0.003392948305875825
0.0017422623289425484 0.003393996063755258
0.0017445427770170806 0.0033950383287275902
0.0017468232250916127 0.003396075110735326
0.001749103673166145 0.003397106419706571
0.001751384121240677 0.003398132265555054
0.001753664569315209 0.003399152658180144
0.0017559450173897412 0.0034001676074668706
0.0017582254654642732 0.0034011771232859427
0.0017605059135388055 0.0034021812154937654
0.0017627863616133375 0.0034031798939324607
0.0017650668096878697 0.003404173168429886
0.0017673472577624018 0.0034051610487996517
0.001769627705836934 0.0034061435448411405
0.001771908153911466 0.003407120666339526
0.0017741886019859983 0.003408092423065793
0.0017764690500605303 0.0034090588247767516
0.0017787494981350625 0.003410019881215061
0.0017810299462095946 0.0034109756021092437
0.0017833103942841268 0.0034119259971737087
0.0017855908423586588 0.0034128710761087656
0.001787871290433191 0.003413810848600644
0.001790151738507723 0.0034147453243215152
0.0017924321865822553 0.0034156745129295066
0.0017947126346567874 0.0034165984240687214
0.0017969930827313196 0.0034175170673692587
0.0017992735308058516 0.0034184304524472295
0.0018015539788803839 0.003419338588904777
0.001803834426954916 0.0034202414863300926
0.0018061148750294481 0.0034211391542974374
0.0018083953231039802 0.0034220316023671564
0.0018106757711785124 0.0034229188400857016
0.0018129562192530444 0.003423800876985646
0.0018152366673275767 0.003424677722585703
0.0018175171154021087 0.003425549386390748
0.001819797563476641 0.003426415877891829
0.001822078011551173 0.0034272772065661945
0.0018243584596257052 0.0034281333818773022
0.0018266389077002372 0.003428984413274843
0.0018289193557747695 0.0034298303101947597
0.0018311998038493015 0.003430671082059259
0.0018334802519238338 0.0034315067382768355
0.0018357606999983658 0.0034323372882422874
0.001838041148072898 0.003433162741336735
0.00184032159614743 0.0034339831069276376
0.0018426020442219623 0.003434798394368812
0.0018448824922964943 0.0034356086130004518
0.0018471629403710266 0.003436413772149143
0.0018494433884455586 0.003437213881127883
0.0018517238365200906 0.0034380089492360992
0.0018540042845946228 0.0034387989857596656
0.0018562847326691549 0.003439583999970921
0.0018585651807436871 0.0034403640011286874
0.0018608456288182191 0.003441138998478287
0.0018631260768927514 0.0034419090012515583
0.0018654065249672834 0.003442674018666879
0.0018676869730418157 0.003443434059929179
0.0018699674211163477 0.0034441891342299577
0.00187224786919088 0.0034449392507473068
0.001874528317265412 0.003445684418645922
0.0018768087653399442 0.0034464246470771224
0.0018790892134144762 0.0034471599451788727
0.0018813696614890085 0.0034478903220757947
0.0018836501095635405 0.003448615786879186
0.0018859305576380727 0.0034493363486870396
0.0018882110057126048 0.0034500520165840613
0.001890491453787137 0.0034507627996416853
0.001892771901861669 0.0034514687069180927
0.0018950523499362013 0.003452169747458228
0.0018973327980107333 0.0034528659302938214
0.0018996132460852655 0.003453557264443396
0.0019018936941597976 0.0034542437589122964
0.0019041741422343298 0.0034549254226927
0.0019064545903088618 0.0034556022647636337
0.001908735038383394 0.003456274294090994
0.001911015486457926 0.0034569415196275626
0.0019132959345324583 0.0034576039503130263
0.0019155763826069904 0.003458261595073989
0.0019178568306815226 0.003458914462823994
0.0019201372787560546 0.0034595625624635404
0.0019224177268305869 0.0034602059028800963
0.001924698174905119 0.003460844492948121
0.0019269786229796511 0.0034614783415290794
0.0019292590710541832 0.003462107457471459
0.0019315395191287154 0.0034627318496107894
0.0019338199672032474 0.0034633515267696556
0.0019361004152777797 0.0034639664977577198
0.0019383808633523117 0.0034645767713717326
0.001940661311426844 0.003465182356395554
0.001942941759501376 0.0034657832616001734
0.0019452222075759082 0.0034663794957437164
0.0019475026556504402 0.003466971067571473
0.0019497831037249723 0.003467557985815907
0.0019520635517995045 0.0034681402591966773
0.0019543439998740367 0.003468717896420653
0.0019566244479485686 0.0034692909061819262
0.001958904896023101 0.00346985929716184
0.001961185344097633 0.003470423078028992
0.0019634657921721653 0.0034709822574392588
0.001965746240246697 0.0034715368440358142
0.0019680266883212293 0.003472086846449141
0.0019703071363957616 0.0034726322732970484
0.001972587584470294 0.003473173133184693
0.0019748680325448256 0.0034737094347045906
0.001977148480619358 0.0034742411864366347
0.00197942892869389 0.0034747683969481163
0.0019817093767684224 0.0034752910747937334
0.001983989824842954 0.003475809228515614
0.0019862702729174864 0.0034763228666433326
0.0019885507209920186 0.0034768319976939193
0.001990831169066551 0.003477336630171887
0.0019931116171410827 0.003477836772569241
0.001995392065215615 0.0034783324333654943
0.001997672513290147 0.0034788236210276918
0.0019999529613646794 0.0034793103440104185
0.0020022334094392112 0.003479792610755819
0.0020045138575137435 0.003480270429693618
0.0020067943055882757 0.00348074380924113
0.002009074753662808 0.003481212757803278
0.0020113552017373398 0.003481677283772614
0.002013635649811872 0.003482137395529329
0.0020159160978864043 0.003482593101441272
0.0020181965459609365 0.0034830444098639703
0.0020204769940354683 0.003483491329140637
0.0020227574421100005 0.0034839338676021965
0.002025037890184533 0.0034843720335672942
0.002027318338259065 0.003484805835342315
0.002029598786333597 0.003485235281221402
0.002031879234408129 0.0034856603794864664
0.0020341596824826613 0.0034860811384072113
0.0020364401305571936 0.0034864975662411424
0.0020387205786317254 0.003486909671233586
0.0020410010267062576 0.0034873174616177035
0.00204328147478079 0.0034877209456145117
0.0020455619228553217 0.0034881201314328945
0.002047842370929854 0.00348851502726962
0.002050122819004386 0.003488905641309358
0.0020524032670789184 0.003489291981724695
0.00205468371515345 0.0034896740566761494
0.0020569641632279824 0.0034900518743121896
0.0020592446113025147 0.0034904254427692467
0.002061525059377047 0.003490794770171735
0.0020638055074515787 0.003491159864632064
0.002066085955526111 0.0034915207342506535
0.0020683664036006432 0.003491877387115955
0.0020706468516751755 0.0034922298313044622
0.0020729272997497073 0.003492578074880729
0.0020752077478242395 0.0034929221258973853
0.0020774881958987718 0.0034932619923951523
0.002079768643973304 0.003493597682402857
0.002082049092047836 0.0034939292039374535
0.002084329540122368 0.00349425656500403
0.0020866099881969003 0.003494579773595831
0.0020888904362714325 0.0034948988376942726
0.0020911708843459643 0.0034952137652689533
0.0020934513324204966 0.0034955245642776783
0.002095731780495029 0.0034958312426664646
0.002098012228569561 0.0034961338083695642
0.002100292676644093 0.003496432269309478
0.002102573124718625 0.0034967266333969698
0.0021048535727931574 0.0034970169085310823
0.0021071340208676896 0.0034973031025991555
0.0021094144689422214 0.003497585223476837
0.0021116949170167537 0.0034978632790281018
0.002113975365091286 0.0034981372771052672
0.002116255813165818 0.003498407225549006
0.00211853626124035 0.0034986731321883626
0.002120816709314882 0.003498935004840772
0.0021230971573894144 0.0034991928513120707
0.0021253776054639467 0.0034994466793965124
0.0021276580535384785 0.003499696496876788
0.0021299385016130107 0.0034999423115240334
0.002132218949687543 0.003500184131097854
0.0021344993977620752 0.0035004219633463294
0.002136779845836607 0.0035006558160060393
0.0021390602939111393 0.003500885696802073
0.0021413407419856715 0.0035011116134480427
0.0021436211900602033 0.003501333573646102
0.0021459016381347356 0.0035015515850869653
0.002148182086209268 0.0035017656554499122
0.0021504625342838 0.003501975792402811
0.002152742982358332 0.003502182003602134
0.002155023430432864 0.0035023842966929674
0.0021573038785073963 0.0035025826793090285
0.0021595843265819286 0.003502777159072685
0.0021618647746564604 0.003502967743594964
0.0021641452227309926 0.0035031544404755715
0.002166425670805525 0.003503337257302903
0.002168706118880057 0.003503516201654063
0.002170986566954589 0.003503691281094879
0.002173267015029121 0.0035038625031799135
0.0021755474631036534 0.0035040298754524814
0.0021778279111781857 0.003504193405444668
0.0021801083592527175 0.003504353100677335
0.0021823888073272497 0.0035045089686601446
0.002184669255401782 0.0035046610168915707
0.002186949703476314 0.0035048092528589137
0.002189230151550846 0.003504953684038313
0.0021915105996253782 0.0035050943178947676
0.0021937910476999105 0.0035052311618821454
0.0021960714957744427 0.0035053642234432027
0.0021983519438489745 0.0035054935100095937
0.0022006323919235068 0.0035056190290018887
0.002202912839998039 0.0035057407878295913
0.0022051932880725713 0.003505858793891145
0.002207473736147103 0.0035059730545739555
0.0022097541842216353 0.003506083577254404
0.0022120346322961676 0.0035061903692978594
0.0022143150803707 0.0035062934380586932
0.0022165955284452316 0.003506392790880298
0.002218875976519764 0.003506488435095096
0.002221156424594296 0.0035065803780245587
0.0022234368726688283 0.00350666862697922
0.00222571732074336 0.0035067531892586895
0.0022279977688178924 0.003506834072151668
0.0022302782168924246 0.0035069112829359626
0.002232558664966957 0.003506984828878499
0.0022348391130414887 0.003507054717235341
0.002237119561116021 0.0035071209552516966
0.002239400009190553 0.0035071835501619417
0.002241680457265085 0.0035072425091896287
0.002243960905339617 0.0035072978395475026
0.0022462413534141495 0.0035073495484375123
0.0022485218014886817 0.003507397643050833
0.0022508022495632135 0.0035074421305678733
0.0022530826976377458 0.0035074830181582883
0.002255363145712278 0.003507520312981003
0.0022576435937868102 0.003507554022184218
0.002259924041861342 0.0035075841529054255
0.0022622044899358743 0.0035076107122714285
0.0022644849380104065 0.0035076337073983465
0.0022667653860849388 0.0035076531453916396
0.0022690458341594706 0.0035076690333461138
0.002271326282234003 0.003507681378345941
0.002273606730308535 0.0035076901874646705
0.0022758871783830673 0.003507695467765244
0.002278167626457599 0.00350769722630001
