<!--
 Git information:
    i-PI version: 3.0.0b4
      Remote URL: git@github.com:sabia-group/i-pi.git
          Branch: pswater-pytorch         
     Last Commit: 686baf5a2a76c30e3f9a6b5332d94ede31256e5f

 Simulation information:
           Machine Name: cfelm-pcx33764
      Working Directory: /home/stoccoel/google-personal/codes/i-pi-sabia/examples/features/driven_dynamics/efield-water-dynamical-Z
          Date and Time: 2025-03-07 17:23:06
-->
<simulation verbosity='high'>
   <prng>
      <seed>10545</seed>
      <state>[{"bit_generator": "MT19937", "state": {"key": [599156952, 4176542010, 2592309397, 2217785328, 373300385, 3457689789, 3369084718, 3148260998, 2424820558, 1742443265, 2870396464, 1724836185, 2897059580, 73260712, 485444545, 2761076786, 3785011220, 2038840748, 586836300, 3843430550, 3977903375, 3938216057, 2239132776, 461190557, 47743601, 644093001, 3441043868, 58127862, 3052783492, 3166603115, 3649573126, 2255345498, 1958185934, 2837727406, 2505074822, 4028318732, 2856491747, 2906120914, 1072243159, 2163954907, 3510941082, 1220867721, 1759711954, 1516901674, 3842330563, 1391279759, 1053633443, 1440816193, 596233488, 4050763724, 2549151953, 2402070395, 3503070413, 2118213316, 2562532451, 3835007605, 46682273, 1880881654, 627873661, 1216524802, 802891882, 1919021172, 67669649, 3790688710, 421140771, 3846896599, 2633919592, 3530067839, 969203365, 2165862890, 2209635274, 1116597421, 352157027, 3652270571, 801932477, 2975438361, 34618561, 2308308023, 2250892679, 3715078424, 2712064680, 3205037685, 3932622470, 2321621302, 2488857294, 96339451, 50760344, 133511189, 2806126699, 2665326247, 3601380782, 2145243018, 247807796, 1369057048, 2248226520, 1956824725, 641149902, 1853153918, 3723023038, 3543923244, 1130680133, 2822773490, 3335122807, 3939751460, 2105531425, 715102546, 3895376799, 2949508698, 48127896, 87784718, 2058805336, 3200638053, 130277389, 1234956657, 3014609166, 2073596696, 1279723793, 2303185986, 3082266089, 2142192207, 3370585817, 2514952074, 3908757436, 301030001, 3503594802, 3217349254, 2851890405, 4004849538, 2102267639, 3312678510, 4118792297, 6805415, 1320913037, 1712538209, 4191592191, 1086359607, 436913940, 3909362910, 1397340015, 1257374053, 397201149, 2213225929, 1671273060, 375717572, 2234283938, 1723013710, 1023718834, 2799681375, 773446927, 2474194108, 422058294, 3035649991, 1040772726, 1753838707, 3543180129, 2620774242, 2221109445, 1648497303, 1868536529, 4114952613, 2231925414, 1007971657, 3506633219, 4006104840, 3944104800, 838428875, 1300400828, 247869233, 1450597800, 3507051076, 2894791277, 3518665517, 3175816026, 1409215819, 382024572, 152880316, 2829794533, 758567260, 2311709672, 383886177, 965583707, 3333906226, 873019863, 2558206796, 1319096822, 3224158401, 3844124209, 2080852615, 2015376529, 3094865762, 793955612, 2484167153, 1073516818, 2717045359, 4048801042, 641675048, 1299542723, 3004204258, 2085466340, 3026956188, 3866637617, 131801217, 1400694029, 1040602438, 2542782857, 1353110020, 364337870, 2336983787, 2326519973, 3036338000, 1829060915, 377796612, 3921006580, 2837652070, 1723390449, 2853797934, 865134702, 464441603, 1909331487, 1784452619, 4026639143, 1691559558, 1370987630, 2305699470, 2234634783, 3234280474, 3610661216, 1421050530, 2421067686, 1998034568, 2282791466, 1895883710, 4180685135, 3779541599, 1206045383, 341860353, 942860634, 4236811328, 1905966983, 2399288716, 2139799573, 978878080, 1085848173, 2329694189, 2057985474, 244986834, 3546511033, 783757929, 1680886488, 2989521832, 623213047, 3303493286, 2535004721, 3611972802, 2029819286, 4127675497, 2156630996, 2007245931, 1028883505, 4253966687, 3629611455, 3760017877, 1241147392, 4269168776, 3677135315, 2451457617, 2389191258, 3728425114, 689932448, 505887672, 455088042, 3350309288, 3233236648, 2428157, 3461892557, 1953829715, 3507481136, 1130992673, 304075013, 3457493003, 3170314655, 524643338, 2104269353, 1872399820, 2609961656, 351792680, 2152199994, 1875478119, 2848904390, 4196843582, 2168353995, 3718048269, 2838353170, 1048080871, 1143842455, 4062871491, 2924086754, 1383219901, 1904796154, 2832924652, 3452917671, 388693557, 3136152999, 3840715317, 2999559809, 2578164339, 368305777, 1292376174, 3782125521, 2148171669, 4067249632, 233181880, 3102278401, 3613835817, 2996711963, 1527292361, 2058668619, 3031673915, 1979304900, 3702239122, 2236358419, 2174828142, 3906203441, 3512567308, 1464713637, 1516891254, 2608065246, 1376258422, 3235926984, 657504127, 1494022334, 534000629, 683643136, 3992107629, 2644627068, 4062742886, 2786293723, 29093219, 3379161003, 3682617638, 3079452339, 1622033894, 626385103, 2100995443, 775680595, 1731759735, 4069677143, 3801124241, 2520659905, 644259257, 71257877, 1227645442, 869966341, 122754633, 566508390, 2277627088, 2596172929, 827522765, 1315540307, 2803846305, 4245310837, 2274135363, 4223107653, 478032671, 1788021292, 2939798566, 1546736428, 3033082000, 178351422, 244505501, 3930118549, 2192742531, 16391749, 2588312793, 3927086280, 4126160430, 1160863705, 1094647975, 1887330220, 1239557795, 915152804, 471897512, 1111738921, 1790704597, 3075163587, 1989789825, 760766701, 1261034287, 2729715036, 1924965748, 4268564631, 1091998440, 3535939133, 1410989953, 1590497320, 1725270900, 4187049006, 3035849403, 171311039, 1690809310, 1018029234, 4169481821, 2270488001, 1264235388, 2013769967, 199135894, 313450164, 1984047755, 2918457163, 2482596022, 3580824874, 1128814622, 2425720938, 2943653291, 3517145566, 3381786344, 1392025072, 1992156837, 194209638, 3396960063, 360754792, 689824597, 3625925029, 2366489651, 477816837, 1826224662, 35499375, 439137229, 362245119, 3114597740, 4091770494, 4145683651, 3243675337, 2871469311, 87601261, 2665615187, 2064562097, 3001488248, 1158129757, 113771841, 412687217, 1001319137, 747677378, 2921464884, 3084222717, 2906998733, 3818112889, 3420917726, 1448041488, 1662752468, 3304721432, 1302227992, 52769741, 787421424, 868343402, 1946947948, 1403552429, 3675047952, 2478349123, 1029102977, 1182804285, 2626393431, 147021288, 4126828186, 3792429545, 3123552977, 1427375407, 207045495, 2697883331, 3391727125, 4162129214, 2643452463, 1384781944, 3043691383, 3262073492, 2685583890, 2844868251, 4279712860, 4018364008, 638581231, 1541422581, 571310513, 374343851, 1072840709, 3346337103, 558038142, 3041659495, 2795364138, 329870188, 740715322, 3223153969, 1242761028, 3230229364, 3723851305, 3488555716, 3392144007, 2694282165, 1636313332, 32372609, 248694181, 399404628, 2116753559, 817984957, 4291641837, 3567623616, 773379972, 670460941, 2500965190, 1759654783, 1901461278, 4080383326, 1045329582, 815517902, 2219747237, 4035896181, 3574346363, 2001467110, 1941782913, 1191360382, 1335632939, 698286362, 2819081932, 2748871715, 3085164084, 1459779135, 437906373, 3054021876, 496626425, 3177424897, 2233975259, 4270707126, 484053242, 3993229913, 3138704127, 2385464836, 4202319578, 3862566815, 2581687850, 1821397436, 3983582887, 3736140013, 3794217068, 333313846, 1320503381, 3484024811, 1926285243, 1441964254, 3041587562, 2458024431, 3790405328, 1706609476, 1157781685, 3271151723, 3645762438, 294738621, 1550621164, 4236020182, 793037464, 2095010548, 184308380, 374717431, 3372009815, 1652539588, 418754389, 1221393878, 3640978104, 4175643807, 1379736266, 1227647006, 158837739, 761109926, 1978949027, 2038801304, 3160419115, 1652024523, 743937888, 551283726, 2722648483, 3540287487, 2529916348, 3092016225, 1863141169, 15577233, 288141723, 2737297141, 734452442, 2450921274, 4217022042, 1245042015, 1996157169, 1016813488, 1974586065, 2055465569, 3625461476, 3280103865, 3581540238, 2430848569, 3401245009, 798344041, 1601694935, 2992567931, 325767329, 3780915824, 1011677083, 943277107, 1029377479, 2422414431, 557221633, 2860959123, 1279910901, 1259777594, 4048280252, 3913650600, 2381067472, 2261973497, 3778392706, 3028084153, 275581094, 3107973572, 414769135, 391752307, 2382500318, 1202558086, 2823452738], "pos": 17}}]</state>
   </prng>
   <output>
      <trajectory filename='forces'>forces</trajectory>
      <trajectory filename='Eforces'>Eforces</trajectory>
      <trajectory filename='velocities'>velocities</trajectory>
      <trajectory filename='positions'>positions</trajectory>
      <trajectory filename='becx'>becx</trajectory>
      <trajectory filename='becy'>becy</trajectory>
      <trajectory filename='becz'>becz</trajectory>
      <properties shape='(8)' filename='properties.out'>
       [ step, time, conserved, kinetic_md, potential, 
         Efield, Eenvelope, dipole ]
      </properties>
   </output>
   <step>10</step>
   <total_steps>10</total_steps>
   <ffdirect name='driver' threaded=' True'>
      <pes>torch</pes>
      <parameters>{template: start.xyz, model_path: pswater_compiled.model, jit: True}</parameters>
   </ffdirect>
   <system>
      <forces>
         <force forcefield='driver'>
         </force>
      </forces>
      <ensemble>
         <temperature>  0.00000000e+00</temperature>
         <eens>  6.66949641e-11</eens>
         <hamiltonian_weights shape='(1)'> [   1.00000000e+00 ] </hamiltonian_weights>
         <time>  4.13413730e+02</time>
      </ensemble>
      <motion mode='driven_dynamics'>
         <driven_dynamics>
            <efield>
               <amp shape='(3)'> [   0.00000000e+00,   5.00000000e-02,   0.00000000e+00 ] </amp>
               <freq>  1.74780427e-02</freq>
               <peak>  8.26827460e+03</peak>
               <sigma>  2.06706865e+03</sigma>
            </efield>
            <bec shape='(1, 9, 3)' mode='manual'>
             [  -2.82571727e-02,  -3.16367466e-08,  -8.98629824e-08,  -1.07128960e-03,   1.76353096e-02, 
                 9.96070095e-03,  -1.93284845e-03,   6.32691210e-03,   3.20999458e-02,  -2.82571918e-02, 
                 3.08555340e-08,   8.76439777e-08,   1.04483990e-03,   1.07084523e-02,  -9.71477526e-03, 
                 1.31308609e-03,  -4.29820574e-03,   1.91970033e-03,  -2.82571826e-02,   7.81212542e-10, 
                 2.21900469e-09,   2.64497079e-05,   1.40420117e-02,  -2.45925685e-04,   6.19762356e-04, 
                -2.02870637e-03,   8.36612747e-03 ]
            </bec>
            <timestep>  4.13413730e+01</timestep>
            <nmts shape='(1)'> [ 1 ] </nmts>
         </driven_dynamics>
      </motion>
      <beads natoms='3' nbeads='1'>
         <q shape='(1, 9)'>
          [   3.77949746e+00,  -7.33235890e-01,  -9.63353660e+00,   3.77902745e+00,   5.13646052e+01, 
              6.61185532e+01,   3.77927798e+00,   2.35940905e+01,   1.54349595e+02 ]
         </q>
         <p shape='(1, 9)'>
          [   1.26863861e-02,  -1.40616761e+03,  -7.33786300e+03,  -3.77795371e-03,   4.18762270e+02, 
              5.44798171e+02,  -8.90843237e-03,   9.87405354e+02,   6.79306483e+03 ]
         </p>
         <m shape='(3)'> [   2.91651223e+04,   1.83736223e+03,   1.83736223e+03 ] </m>
         <names shape='(3)'> [ O, H, H ] </names>
      </beads>
      <cell shape='(3, 3)'>
       [   7.00000000e+00,   0.00000000e+00,   0.00000000e+00,   0.00000000e+00,   7.00000000e+00, 
           0.00000000e+00,   0.00000000e+00,   0.00000000e+00,   7.00000000e+00 ]
      </cell>
   </system>
</simulation>
