         7.24080        1.93067        0.00079         -1.93050        7.24047       -0.00008         -0.00002       -0.00026        6.66920
         7.24070       -1.93076       -0.00084          1.93029        7.24070       -0.00028         -0.00016       -0.00016        6.66893
         7.24075        1.93062        0.00110         -1.93049        7.24043        0.00039         -0.00001       -0.00026        6.66920
         7.24067       -1.93075       -0.00105          1.93023        7.24070       -0.00045         -0.00014       -0.00018        6.66913
         7.24072        1.93065        0.00029         -1.93048        7.24046        0.00033         -0.00003       -0.00024        6.66892
         7.24067       -1.93077       -0.00076          1.93029        7.24065       -0.00082         -0.00014       -0.00020        6.66922
         1.24612        0.24423       -0.00003         -0.24423        1.24611       -0.00002         -0.00002        0.00003        1.06193
         1.24611       -0.24421        0.00001          0.24428        1.24613        0.00002          0.00004        0.00001        1.06190
         1.24612        0.24424       -0.00009         -0.24423        1.24611        0.00002         -0.00002        0.00003        1.06187
         1.24611       -0.24421        0.00009          0.24429        1.24613       -0.00004          0.00004        0.00001        1.06192
         1.24612        0.24423       -0.00007         -0.24423        1.24611       -0.00002         -0.00002        0.00003        1.06192
         1.24610       -0.24421        0.00012          0.24428        1.24613        0.00005          0.00004        0.00001        1.06191
        -1.59972       -0.23728       -0.12042         -0.29787       -4.05815       -1.83243         -0.13881       -1.73277       -2.57682
        -3.67482       -0.90044        1.64677         -0.96120       -1.98282        0.81187          1.57020        0.74634       -2.57707
        -3.21227        1.22880       -1.52690          1.16787       -2.44577        1.02009         -1.43128        0.98662       -2.57696
        -3.21222       -1.22878        1.52683         -1.16776       -2.44588        1.02032          1.43139        0.98669       -2.57717
        -1.59974        0.23729        0.12038          0.29769       -4.05801       -1.83209          0.13884       -1.73278       -2.57697
        -3.67493        0.90047       -1.64689          0.96140       -1.98274        0.81226         -1.57016        0.74628       -2.57710
        -1.59969       -0.23727       -0.12040         -0.29784       -4.05810       -1.83218         -0.13882       -1.73284       -2.57696
        -3.67481       -0.90041        1.64675         -0.96123       -1.98280        0.81211          1.57023        0.74636       -2.57718
        -3.21227        1.22877       -1.52689          1.16788       -2.44584        1.02034         -1.43132        0.98667       -2.57708
        -3.21230       -1.22882        1.52699         -1.16771       -2.44583        1.02014          1.43136        0.98665       -2.57706
        -1.59976        0.23740        0.12056          0.29770       -4.05805       -1.83224          0.13884       -1.73275       -2.57685
        -3.67483        0.90044       -1.64671          0.96139       -1.98275        0.81212         -1.57016        0.74630       -2.57702
        -1.59975       -0.23725       -0.12056         -0.29785       -4.05809       -1.83222         -0.13882       -1.73278       -2.57689
        -3.67480       -0.90045        1.64659         -0.96123       -1.98280        0.81207          1.57018        0.74632       -2.57710
        -3.21221        1.22880       -1.52703          1.16789       -2.44585        1.02028         -1.43126        0.98663       -2.57700
        -3.21232       -1.22886        1.52715         -1.16780       -2.44589        1.02029          1.43136        0.98664       -2.57703
        -1.59978        0.23745        0.12073          0.29771       -4.05792       -1.83207          0.13882       -1.73272       -2.57681
        -3.67477        0.90041       -1.64653          0.96146       -1.98279        0.81225         -1.57013        0.74630       -2.57698  
